30, 

30, 

3, int
30,  
28, gcd
30,  
19, (
3, int
30,  
28, u
18, ,
30,  
3, int
30,  
28, v
20, )
23, {
30, 

30, 	
2, if
19, (
28, v
30,  
15, ==
30,  
29, 0
20, )
30,  
4, return
30,  
28, u
27, ;
30, 

30, 	
1, else
30,  
4, return
19, (
28, v
18, ,
30,  
28, u
8, -
28, u
10, /
28, v
9, *
28, v
20, )
27, ;
30, 

30, 	
30, 

24, }
30, 

30, 

5, void
30,  
28, main
19, (
5, void
20, )
23, {
30, 

30, 	
28, x
30,  
17, =
30,  
28, input
19, (
20, )
27, ;
30,  
28, y
30,  
17, =
30,  
28, input
19, (
20, )
27, ;
30, 

30, 	
28, output
19, (
28, gcd
19, (
28, x
18, ,
30,  
28, y
20, )
20, )
27, ;
30, 

24, }
0, 
